mean    :  0.6348318313873802
variance:  0.16051902910748286
std     :  0.4006482610813166
min     :  0
max     :  1
median  :  0.7646881229239972
Q1      :  0.346119
Q3      :  0.999710