mean    :  3.1409835609756094
variance:  0.0013539433354500647
std     :  0.036795969010885755
min     :  3.012
max     :  3.276
median  :  3.142