mean    :  0.0534032940864563
variance:  0.0026147276470836977
std     :  6.83680066842385e-06
min     :  0.05000615119934082
max     :  0.06402420997619629
median  :  0.05286097526550293